
6 4 3 -1 7 -4 6 -8 -2 -5 -6 5 -4 3 -1 5 2 -1 0 6 
7 -5 7 7 -6 -7 4 0 -7 2 -7 0 2 -6 -7 7 -8 7 3 5 
-7 3 -6 3 -3 -1 7 1 0 -5 1 -1 4 4 -5 0 1 -3 -2 -4 
-1 1 -7 5 6 -8 7 -4 3 -8 0 5 -3 -3 2 -8 -7 -4 1 -7 
-5 4 -4 -6 -2 7 2 0 6 -8 5 3 3 4 -2 -6 -7 6 2 7 
-2 6 3 -2 4 2 -6 -4 -8 0 3 5 -7 2 -7 -2 -3 -5 5 -3 
0 1 1 -2 -1 3 1 7 4 -3 4 -2 3 -6 7 -7 4 -7 -6 7 
1 3 -8 -3 3 -4 1 3 -8 -8 -6 0 -7 0 -8 3 -7 5 -7 4 
-1 4 4 -5 -8 -5 1 -1 6 -5 -5 1 -2 -2 5 -7 1 -5 -5 1 
-7 7 -5 2 7 -2 4 -4 -6 3 -2 -6 2 4 -6 4 5 2 -5 6 
2 -1 4 2 5 -7 4 2 -5 6 0 0 6 0 0 -7 3 3 -3 -1 
-7 4 -8 -1 5 5 -1 3 4 6 -4 -8 0 -2 -2 2 -1 -5 -4 -2 
-8 6 7 -8 -8 -6 -1 -1 4 6 -7 6 0 1 0 -4 